4, 7, 30, (cGp)
4, 17, 35, (cmW)
4, 41, 23, (cX3)
4, 41, 24, (cXB)
4, 56, 50, (ctR)
4, 61, 14, (ckN)
5, 20, 52, (PVg)
5, 22, 42, (PD4)
5, 24, 50, (PBR)
6, 43, 6, (MYM)
6, 45, 39, (MSL)
6, 47, 61, (MUk)
6, 49, 32, (MIE)
6, 52, 57, (Mgr)
6, 52, 58, (MgK)
6, 58, 16, (MKd)
7, 20, 13, (GVT)
8, 14, 2, (vNx)
8, 18, 5, (vwP)
8, 20, 36, (vV9)
9, 10, 44, (zAj)
9, 28, 36, (zO9)
9, 29, 34, (zu1)
10, 4, 28, (AcO)
10, 5, 55, (APF)
10, 26, 59, (AHl)
10, 39, 35, (ALW)
10, 40, 36, (AQ9)
10, 40, 37, (AQs)
10, 40, 38, (AQq)
10, 40, 39, (AQL)
10, 40, 40, (AQQ)
11, 4, 9, (Zcz)
12, 29, 61, (yuk)
12, 48, 33, (yh2)
12, 49, 3, (yIi)
12, 53, 29, (yau)
12, 53, 30, (yap)
12, 56, 39, (ytL)
13, 1, 13, (T7T)
13, 1, 14, (T7N)
13, 2, 31, (Tx8)
13, 2, 32, (TxE)
13, 2, 33, (Tx2)
13, 19, 33, (Tn2)
13, 19, 34, (Tn1)
13, 19, 54, (Tnf)
13, 33, 53, (T2a)
13, 48, 29, (Thu)
14, 13, 28, (NTO)
14, 33, 46, (N2e)
14, 36, 52, (N9g)
15, 4, 16, (ocd)
15, 46, 26, (oeH)
15, 46, 27, (oe0)
15, 46, 28, (oeO)
15, 61, 32, (okE)
16, 26, 25, (dH6)
16, 47, 18, (dUw)
16, 47, 19, (dUn)
17, 33, 22, (m2D)
18, 56, 13, (wtT)
19, 0, 3, (nCi)
19, 0, 4, (nCc)
19, 2, 51, (nxJ)
19, 9, 60, (nzb)
19, 11, 38, (nZq)
19, 16, 9, (ndz)
19, 16, 10, (ndA)
19, 49, 7, (nIG)
19, 49, 8, (nIv)
20, 41, 45, (VXS)
20, 43, 18, (VYw)
20, 46, 58, (VeK)
20, 46, 59, (Vel)
